65280, 129, 66, 36, 8, 16, 71776119061217280, 9295429630892703744, 4755801206503243776, 2594073385365405696, 576460752303423488, 1152921504606846976
326400, 129, 66, 36, 8, 16, 71776119061217280, 9295429630892703744, 4755801206503243776, 2594073385365405696, 576460752303423488, 1152921504606846976
326400, 129, 66, 36, 8, 16, 35747871798067200, 9295429630892703744, 4755801206503243776, 2594073385365405696, 576460752303423488, 1152921504606846976
1074051840, 129, 66, 36, 8, 16, 35747871798067200, 9295429630892703744, 4755801206503243776, 2594073385365405696, 576460752303423488, 1152921504606846976
1074051840, 129, 66, 36, 8, 16, 35184930434580480, 9295429630892703744, 4755801206503243776, 2594073385365405696, 576460752303423488, 1152921504606846976
1090828800, 129, 66, 36, 8, 16, 35184930434580480, 9295429630892703744, 4755801206503243776, 2594073385365405696, 576460752303423488, 1152921504606846976
1090828800, 129, 66, 36, 8, 16, 34063428574248960, 9295429630892703744, 4755801206503243776, 2594073385365405696, 576460752303423488, 1152921504606846976
1157675520, 129, 66, 36, 8, 16, 34063428574248960, 9295429630892703744, 4755801206503243776, 2594073385365405696, 576460752303423488, 1152921504606846976
1157675520, 129, 66, 36, 8, 16, 34063428574248960, 9295429630892703744, 4755801206503243776, 2305851805306716160, 576460752303423488, 1152921504606846976
1157675520, 129, 66, 16388, 8, 16, 34063428574248960, 9295429630892703744, 4755801206503243776, 2305851805306716160, 576460752303423488, 1152921504606846976
1157675520, 129, 66, 16388, 8, 16, 34063428574248960, 9295429630892703744, 4755801206503243776, 2305843009482129408, 576460752303423488, 1152921504606846976
1157675520, 129, 262208, 16388, 8, 16, 34063428574248960, 9295429630892703744, 4755801206503243776, 2305843009482129408, 576460752303423488, 1152921504606846976
1157675520, 129, 262208, 16388, 8, 16, 34063428574248960, 108086391056891904, 4755801206503243776, 2305843009482129408, 576460752303423488, 1152921504606846976
1291891200, 129, 262208, 16388, 8, 16, 34063428574248960, 108086391056891904, 4755801206503243776, 2305843009482129408, 576460752303423488, 1152921504606846976
1291891200, 129, 262208, 16388, 8, 16, 34063428574248960, 108086391056891904, 144150372447944704, 2305843009482129408, 576460752303423488, 1152921504606846976
1291891200, 129, 262208, 16388, 2048, 16, 34063428574248960, 108086391056891904, 144150372447944704, 2305843009482129408, 576460752303423488, 1152921504606846976
1291891200, 129, 262208, 16388, 2048, 16, 34059047707607040, 108086391056891904, 144150372447944704, 2305843009482129408, 576460752303423488, 1152921504606846976
9814716928, 129, 262208, 16388, 2048, 16, 34059039117672448, 108086391056891904, 144150372447944704, 2305843009482129408, 576460752303423488, 1152921504606846976
9814716928, 129, 262208, 16388, 2048, 16, 34059039117672448, 108086391056891904, 39582418599936, 2305843009482129408, 576460752303423488, 1152921504606846976
9814716928, 129, 72, 16388, 2048, 16, 34059039117672448, 108086391056891904, 39582418599936, 2305843009482129408, 576460752303423488, 1152921504606846976
9814716928, 129, 72, 16388, 2048, 16, 34059039117672448, 108086391056891904, 4432406249472, 2305843009482129408, 576460752303423488, 1152921504606846976
9814716928, 129, 72, 1048580, 2048, 16, 34059039117672448, 108086391056891904, 4432406249472, 2305843009482129408, 576460752303423488, 1152921504606846976
9814716928, 129, 72, 1048580, 2048, 16, 29573031676346368, 108086391056891904, 4432406249472, 2305843009482129408, 576460752303423488, 1152921504606846976
283618882048, 129, 72, 1048580, 2048, 16, 29573031676346368, 108086391056891904, 4432406249472, 2305843009482129408, 576460752303423488, 1152921504606846976
283618882048, 129, 72, 1048580, 2048, 16, 29573031676346368, 108086391056891904, 4398080065536, 2305843009482129408, 576460752303423488, 1152921504606846976
283619012608, 129, 72, 1048580, 2048, 16, 29573031676346368, 108086391056891904, 4398080065536, 2305843009482129408, 576460752303423488, 1152921504606846976
283619012608, 129, 72, 1048580, 2048, 16, 29573014563586048, 108086391056891904, 4398080065536, 2305843009482129408, 576460752303423488, 1152921504606846976
283619012608, 129, 72, 1048580, 33554432, 16, 29573014563586048, 108086391056891904, 4398046511104, 2305843009482129408, 576460752303423488, 1152921504606846976
283484794880, 129, 72, 1048580, 33554432, 16, 29573014563586048, 108086391056891904, 134217728, 2305843009482129408, 576460752303423488, 1152921504606846976
283484794880, 384, 72, 1048580, 33554432, 16, 29573014563586048, 108086391056891904, 134217728, 2305843009482129408, 576460752303423488, 1152921504606846976
283484794880, 384, 72, 1048580, 33554432, 16, 29292639098503168, 108086391056891904, 134217728, 2305843009482129408, 576460752303423488, 1152921504606846976
1374406488064, 384, 72, 1048580, 33554432, 16, 29291539586875392, 108086391056891904, 134217728, 2305843009482129408, 576460752303423488, 1152921504606846976
1374406488064, 384, 72, 1048580, 33554432, 16, 29291539586875392, 108086391056891904, 134217728, 2305843009213693954, 576460752303423488, 1152921504606846976
1374406488064, 384, 72, 1048580, 4294967296, 16, 29291539586875392, 108086391056891904, 134217728, 2305843009213693954, 576460752303423488, 1152921504606846976
1374406488064, 384, 72, 1048580, 4294967296, 16, 29291539586875392, 108086391056891904, 8589934592, 2305843009213693954, 576460752303423488, 1152921504606846976
1374406488064, 384, 2097160, 1048580, 4294967296, 16, 29291539586875392, 108086391056891904, 8589934592, 2305843009213693954, 576460752303423488, 1152921504606846976
1374406488064, 384, 2097160, 1048580, 4294967296, 16, 29291539586875392, 108086391056891904, 1125899906842624, 2305843009213693954, 576460752303423488, 1152921504606846976
1374406488064, 384, 2147483656, 1048580, 4294967296, 16, 29291539586875392, 108086391056891904, 1125899906842624, 2305843009213693954, 576460752303423488, 1152921504606846976
1374406488064, 384, 2147483656, 1048580, 4294967296, 16, 29291539586875392, 108086391056891904, 1125899906842624, 2305843009247248384, 576460752303423488, 1152921504606846976
1374406488064, 384, 2147483656, 1048580, 4294967296, 32, 29291539586875392, 108086391056891904, 1125899906842624, 2305843009247248384, 576460752303423488, 1152921504606846976
1374406488064, 384, 2147483656, 1048580, 4294967296, 32, 29291539586875392, 108086391056891904, 1125899906842624, 2305843009213696000, 576460752303423488, 1152921504606846976
1374943350784, 384, 2147483656, 1048580, 4294967296, 32, 29291539586875392, 108086391056891904, 1125899906842624, 2305843009213696000, 576460752303423488, 1152921504606846976
1374943350784, 384, 2147483656, 1048580, 4294967296, 32, 29291539586875392, 9295429630892703744, 1125899906842624, 2305843009213696000, 576460752303423488, 1152921504606846976
1511845433344, 384, 2147483656, 1048580, 4294967296, 32, 29291539586875392, 9295429630892703744, 1125899906842624, 2305843009213696000, 576460752303423488, 1152921504606846976
1511845433344, 384, 2147483656, 1048580, 0, 32, 29291539586875392, 9295429630892703744, 1125899906842624, 2305843013508661248, 576460752303423488, 1152921504606846976
1511845433344, 384, 2147483656, 1048580, 0, 8192, 29291539586875392, 9295429630892703744, 1125899906842624, 2305843013508661248, 576460752303423488, 1152921504606846976
1511845433344, 384, 2147483656, 1048580, 0, 8192, 29291539586875392, 9295429630892703744, 34359738368, 2305843013508661248, 576460752303423488, 1152921504606846976
1511845433344, 384, 2147484160, 1048580, 0, 8192, 29291539586875392, 9295429630892703744, 34359738368, 2305843013508661248, 576460752303423488, 1152921504606846976
1511845433344, 384, 2147484160, 1048580, 0, 8192, 29291539586875392, 9295429630892703744, 34359738368, 2305847407260205056, 576460752303423488, 1152921504606846976
1511845433344, 65664, 2147484160, 1048580, 0, 8192, 29291539586875392, 9295429630892703744, 34359738368, 2305847407260205056, 576460752303423488, 1152921504606846976
1511845433344, 65664, 2147484160, 4, 0, 8192, 29291539586875392, 9295429630892703744, 34359738368, 2305843009214742528, 576460752303423488, 1152921504606846976
18966592524288, 65664, 2147484160, 4, 0, 8192, 29273947400830976, 9295429630892703744, 34359738368, 2305843009214742528, 576460752303423488, 1152921504606846976
18966592524288, 65664, 2147484160, 4, 0, 8192, 29273947333984256, 9295429630892703744, 34359738368, 2305843009214742528, 576460752303423488, 1152921504606846976
18966592524288, 65664, 2147484160, 4, 0, 16, 29273947333984256, 9295429630892703744, 34359738368, 2305843009214742528, 576460752303423488, 1152921504606846976
18966592524288, 65664, 2147484160, 4, 0, 16, 29273947333984256, 9223653511831486464, 34359738368, 2305843009214742528, 576460752303423488, 1152921504606846976
18966592524288, 65664, 2214592512, 4, 0, 16, 29273947333984256, 9223653511831486464, 34359738368, 2305843009214742528, 576460752303423488, 1152921504606846976
18966592524288, 65664, 2214592512, 4, 0, 16, 29273947333984256, 9295429630892703744, 34359738368, 2305843009214742528, 576460752303423488, 1152921504606846976
18966592524288, 65664, 67125248, 4, 0, 16, 29273947333984256, 9295429630892703744, 34359738368, 2305843009214742528, 576460752303423488, 1152921504606846976
18966592524288, 65664, 67125248, 4, 0, 16, 29273947333984256, 9295429630892703744, 35184372088832, 2305843009214742528, 576460752303423488, 1152921504606846976
18966592524288, 65664, 603979776, 4, 0, 16, 29273947333984256, 9295429630892703744, 35184372088832, 2305843009214742528, 576460752303423488, 1152921504606846976
18966592524288, 65664, 603979776, 4, 0, 16, 29273947333984256, 9295429630892703744, 268435456, 2305843009214742528, 576460752303423488, 1152921504606846976
18966592524288, 65664, 603979776, 512, 0, 16, 29273947333984256, 9295429630892703744, 268435456, 2305843009214742528, 576460752303423488, 1152921504606846976
1374406479872, 65664, 603979776, 512, 0, 16, 27039739706343424, 9295429630892703744, 268435456, 2305843009214742528, 576460752303423488, 1152921504606846976
1374406479872, 65664, 603979776, 268435456, 0, 16, 27039739706343424, 9295429630892703744, 0, 2305843009214742528, 576460752303423488, 1152921504606846976
274894852096, 65664, 603979776, 268435456, 0, 16, 27039739706343424, 9223373136366403584, 0, 2305843009214742528, 576460752303423488, 1152921504606846976
274894852096, 65664, 67633152, 268435456, 0, 16, 27039739706343424, 9223373136366403584, 0, 2305843009214742528, 576460752303423488, 1152921504606846976
16945152, 65664, 67633152, 268435456, 0, 16, 27039739706343424, 9223373136366403584, 0, 2305843284091600896, 576460752303423488, 1152921504606846976
16945152, 65664, 1572864, 268435456, 0, 16, 27039739706343424, 9223373136366403584, 0, 2305843284091600896, 576460752303423488, 1152921504606846976
167936, 65664, 1572864, 268435456, 0, 16, 27039739706343424, 9223372036871553024, 0, 2305843284091600896, 576460752303423488, 1152921504606846976
167936, 65664, 1572864, 8589934592, 0, 16, 27039739706343424, 9223372036871553024, 0, 2305843284091600896, 576460752303423488, 1152921504606846976
167936, 65664, 1572864, 8589934592, 0, 16, 27039739706343424, 9223372036871553024, 0, 2305843284091600896, 34359738368, 1152921504606846976
167936, 65664, 537919488, 8589934592, 0, 16, 27039739706343424, 9223372036871553024, 0, 2305843284091600896, 34359738368, 1152921504606846976
167936, 65664, 537919488, 8589934592, 0, 16, 27039739706343424, 9223372036871553024, 0, 2305843284091600896, 281474976710656, 1152921504606846976
167936, 129, 537919488, 8589934592, 0, 16, 27039739706343424, 9223372036871553024, 0, 2305843284091600896, 281474976710656, 1152921504606846976
167936, 129, 537919488, 8589934592, 0, 16, 27039739706343424, 9223372036871553024, 0, 2305843284091600896, 281474976710656, 576460752303423488
8523776, 129, 537919488, 8589934592, 0, 16, 27039739706343424, 9223372036871553024, 0, 2305843284091600896, 281474976710656, 576460752303423488
8523776, 129, 537919488, 8589934592, 0, 16, 27039739706343424, 9223372036871553024, 0, 2305843284091600896, 281474976710656, 4503599627370496
8523776, 129, 537919488, 33554432, 0, 16, 27039739706343424, 9223372036871553024, 0, 2305843284091600896, 281474976710656, 4503599627370496
8523776, 128, 537919488, 33554432, 0, 16, 27039739706343424, 9223372036854775809, 0, 2305843284091600896, 281474976710656, 4503599627370496
8523776, 128, 1572864, 33554432, 0, 16, 27039739706343424, 9223372036854775809, 0, 2305843284091600896, 281474976710656, 4503599627370496
8523776, 128, 1572864, 33554432, 0, 16, 27039739706343424, 9223372036854775809, 0, 2305843010287435776, 281474976710656, 4503599627370496
8523776, 128, 1048580, 33554432, 0, 16, 27039739706343424, 9223372036854775809, 0, 2305843010287435776, 281474976710656, 4503599627370496
8523776, 128, 1048580, 33554432, 0, 16, 27039739706343424, 9223372036854775809, 0, 2305843010287435776, 65536, 4503599627370496
8523776, 128, 12, 33554432, 0, 16, 27039739706343424, 9223372036854775809, 0, 2305843010287435776, 65536, 4503599627370496
8523776, 128, 12, 33554432, 0, 16, 27039739706343424, 9223372036854775809, 0, 2305843010287435776, 512, 4503599627370496
8523776, 128, 262148, 33554432, 0, 16, 27039739706081280, 9223372036854775809, 0, 2305843010287435776, 512, 4503599627370496
8523776, 128, 262148, 33554432, 0, 16, 27039739706081280, 9223372036854841344, 0, 2305843010287435776, 512, 4503599627370496
8523776, 128, 6, 33554432, 0, 16, 27039739706081280, 9223372036854841344, 0, 2305843010287435776, 512, 4503599627370496
8523776, 128, 6, 33554432, 0, 16, 9025616074506240, 9223372036854841344, 0, 2305843010287435776, 512, 4503599627370496
2147618816, 128, 6, 33554432, 0, 16, 9025616074506240, 9223372036854841344, 0, 2305843010287435776, 512, 4503599627370496
2147618816, 128, 6, 33554432, 0, 16, 9025616074506240, 9223372036854841344, 0, 2305843077933170688, 512, 4503599627370496
2416050176, 128, 6, 33554432, 0, 16, 9025616074506240, 9223372036854841344, 0, 2305843077933170688, 512, 4503599627370496
2416050176, 128, 6, 33554432, 0, 16, 9025616074506240, 9223372036854841344, 0, 2305847407260205056, 512, 4503599627370496
2416050176, 32768, 6, 33554432, 0, 16, 9025616074506240, 9223372036854841344, 0, 2305847407260205056, 512, 4503599627370496
2416050176, 32768, 6, 33554432, 0, 16, 9025616074506240, 9223372036854841344, 0, 2305843026393563136, 512, 4503599627370496
2416050176, 32768, 65540, 33554432, 0, 16, 9025616074506240, 9223372036854775808, 0, 2305843026393563136, 512, 4503599627370496
2416050176, 32768, 65540, 33554432, 0, 16, 9025616074506240, 9223372036854775808, 0, 2305843026393563136, 512, 8796093022208
2416050176, 32768, 65540, 34359738368, 0, 16, 9025616074506240, 9223372036854775808, 0, 2305843026393563136, 512, 8796093022208
2416050176, 32768, 65540, 0, 0, 16, 9008058248200192, 9223372036854775808, 0, 2305843026393563136, 512, 8796093022208
2416050176, 32768, 65540, 0, 0, 32, 9008058248200192, 9223372036854775808, 0, 2305843026393563136, 512, 8796093022208
2416050176, 32768, 65540, 0, 0, 32, 9008058248200192, 9223372036854775808, 0, 2305843026393563136, 2, 8796093022208
2416050176, 128, 65540, 0, 0, 32, 9008058248200192, 9223372036854775808, 0, 2305843026393563136, 2, 8796093022208
2416050176, 128, 65540, 0, 0, 32, 9008024022679552, 9223372036854775808, 0, 2305843026393563136, 2, 8796093022208
2416050176, 128, 1028, 0, 0, 32, 9008024022679552, 9223372036854775808, 0, 2305843026393563136, 2, 8796093022208
2416050176, 128, 1028, 0, 0, 32, 9008024022679552, 9223372036854775808, 0, 2305843026393563136, 256, 8796093022208
2416050176, 128, 1028, 0, 0, 64, 9008024022679552, 9223372036854775808, 0, 2305843026393563136, 256, 8796093022208
2416050176, 128, 1028, 0, 0, 64, 9008024022679552, 9223372036854775808, 0, 2305843026393563136, 1099511627776, 8796093022208
2416050176, 128, 134217732, 0, 0, 64, 9008023888461824, 9223372036854775808, 0, 2305843026393563136, 1099511627776, 8796093022208
2416050176, 128, 134217732, 0, 0, 64, 9008023888461824, 36028797018963968, 0, 2305843026393563136, 1099511627776, 8796093022208
2416050176, 128, 134217732, 0, 0, 16384, 9008023888461824, 36028797018963968, 0, 2305843026393563136, 1099511627776, 8796093022208
2416050176, 128, 134217732, 0, 0, 16384, 9008023888461824, 36028797018963968, 0, 2305843026393563136, 65536, 8796093022208
2416050176, 128, 134217732, 0, 0, 64, 9008023888461824, 36028797018963968, 0, 2305843026393563136, 65536, 8796093022208
2416050176, 128, 134217732, 0, 0, 64, 9008023888461824, 36028797018963968, 0, 2305860601399738368, 65536, 8796093022208
2416050176, 128, 134217732, 0, 0, 32, 9008023888461824, 36028797018963968, 0, 2305860601399738368, 65536, 8796093022208
2416050176, 128, 134217732, 0, 0, 32, 9008023888461824, 36028797018963968, 0, 2305860601399738368, 256, 8796093022208
2416050176, 128, 1028, 0, 0, 32, 9008023888461824, 36028797018963968, 0, 2305860601399738368, 256, 8796093022208
2416050176, 128, 1028, 0, 0, 32, 9008023888461824, 36028797018963968, 0, 2305860601399738368, 35184372088832, 8796093022208
2416050176, 128, 1028, 0, 0, 64, 9008023888461824, 36028797018963968, 0, 2305860601399738368, 35184372088832, 8796093022208
268566528, 128, 1028, 0, 0, 64, 9007751158038528, 36028797018963968, 0, 2305860601399738368, 35184372088832, 8796093022208
268566528, 128, 1028, 0, 0, 32768, 9007751158038528, 36028797018963968, 0, 2305860601399738368, 35184372088832, 8796093022208
268566528, 128, 1028, 0, 0, 32768, 9007751158038528, 36028797018963968, 0, 2306968909120536576, 35184372088832, 8796093022208
268566528, 128, 1028, 0, 0, 16384, 9007751158038528, 36028797018963968, 0, 2306968909120536576, 35184372088832, 8796093022208
268566528, 128, 1028, 0, 0, 16384, 9007751158038528, 36028797018963968, 0, 2306968909120536576, 2251799813685248, 8796093022208
268566528, 128, 1028, 0, 0, 32768, 9007751158038528, 36028797018963968, 0, 2306968909120536576, 2251799813685248, 8796093022208
268566528, 128, 1028, 0, 0, 32768, 9007751158038528, 9223372036854775808, 0, 2306968909120536576, 2251799813685248, 8796093022208
68719607808, 128, 1028, 0, 0, 32768, 9007751158038528, 9223372036854775808, 0, 2306968909120536576, 2251799813685248, 8796093022208
131072, 128, 1028, 0, 0, 32768, 9007751158038528, 9223372036854775808, 0, 2306968909120536576, 2251799813685248, 68719476736
131072, 128, 5, 0, 0, 32768, 9007751158038528, 9223372036854775808, 0, 2306968909120536576, 2251799813685248, 68719476736
131072, 128, 5, 0, 0, 32768, 9007751158038528, 9223372036854775808, 0, 2306968909120536576, 2251799813685248, 8796093022208
131072, 128, 5, 0, 0, 64, 9007751158038528, 9223372036854775808, 0, 2306968909120536576, 2251799813685248, 8796093022208
131072, 128, 5, 0, 0, 64, 9007751158038528, 140737488355328, 0, 2306968909120536576, 2251799813685248, 8796093022208
131072, 8388608, 5, 0, 0, 64, 9007751158038528, 140737488355328, 0, 2306968909120536576, 2251799813685248, 8796093022208
131072, 8388608, 5, 0, 0, 64, 35736275386368, 140737488355328, 0, 2306968909120536576, 2251799813685248, 8796093022208
131072, 8388608, 5, 0, 0, 32768, 35736275386368, 140737488355328, 0, 2306968909120536576, 2251799813685248, 8796093022208
131072, 8388608, 5, 0, 0, 32768, 35736275386368, 140737488355328, 0, 2305847407260205056, 2251799813685248, 8796093022208
131072, 8388608, 5, 0, 0, 64, 35736275386368, 140737488355328, 0, 2305847407260205056, 2251799813685248, 8796093022208
131072, 8388608, 5, 0, 0, 64, 35736275386368, 140737488355328, 0, 2305847407260205056, 2251799813685248, 17592186044416
131072, 8388608, 5, 0, 0, 32, 35736275386368, 140737488355328, 0, 2305847407260205056, 2251799813685248, 17592186044416
131072, 8388608, 5, 0, 0, 32, 35736275386368, 140737488355328, 0, 2305847407260205056, 32768, 17592186044416
131072, 8388608, 4097, 0, 0, 32, 35736275386368, 140737488355328, 0, 2305847407260205056, 32768, 17592186044416
131072, 0, 4097, 0, 0, 32, 35736275386368, 140737488355328, 0, 2305847407260205056, 8388608, 17592186044416
131072, 0, 4097, 0, 0, 64, 35736275386368, 140737488355328, 0, 2305847407260205056, 8388608, 17592186044416
131072, 0, 4097, 0, 0, 64, 35736275386368, 140737488355328, 0, 2305847407260205056, 536870912, 17592186044416
131072, 0, 5120, 0, 0, 64, 35736275386368, 140737488355328, 0, 2305847407260205056, 536870912, 17592186044416
131072, 0, 5120, 0, 0, 64, 35736275386368, 140737488355328, 0, 2305847407260205056, 536870912, 68719476736
131072, 0, 134218752, 0, 0, 64, 35736275386368, 140737488355328, 0, 2305847407260205056, 536870912, 68719476736
131072, 0, 134218752, 0, 0, 64, 35736275386368, 140737488355328, 0, 2305847407260205056, 2048, 68719476736
131072, 0, 137438954496, 0, 0, 64, 35736275386368, 140737488355328, 0, 2305847407260205056, 2048, 68719476736
131072, 0, 137438954496, 0, 0, 64, 35736275386368, 140737488355328, 0, 2305847407260205056, 134217728, 68719476736
131072, 0, 1049600, 0, 0, 64, 35736275386368, 140737488355328, 0, 2305847407260205056, 134217728, 68719476736
131072, 0, 1049600, 0, 0, 64, 35736275386368, 140737488355328, 0, 2305847407260205056, 134217728, 536870912
33554432, 0, 1049600, 0, 0, 64, 35736275386368, 140737488355328, 0, 2305847407260205056, 134217728, 536870912
33554432, 0, 1049600, 0, 0, 64, 35736275386368, 140737488355328, 0, 21990232555520, 134217728, 536870912
33554432, 0, 1048592, 0, 0, 64, 35736275386368, 140737488355328, 0, 21990232555520, 134217728, 536870912
33554432, 0, 1048592, 0, 0, 64, 35736275386368, 140737488355328, 0, 4466765987840, 134217728, 536870912
33554432, 0, 1049600, 0, 0, 64, 35736275386368, 140737488355328, 0, 4466765987840, 134217728, 536870912
33554432, 0, 1049600, 0, 0, 64, 35736275386368, 140737488355328, 0, 4466765987840, 8, 536870912
33554432, 0, 1048592, 0, 0, 64, 35736275386368, 140737488355328, 0, 4466765987840, 8, 536870912
33554432, 0, 1048592, 0, 0, 64, 35736275386368, 140737488355328, 0, 4398046511106, 8, 536870912
33554432, 0, 1048592, 0, 0, 32768, 35736275386368, 140737488355328, 0, 4398046511106, 8, 536870912
33554432, 0, 1048592, 0, 0, 32768, 35736275386368, 140737488355328, 0, 4398046511106, 8, 68719476736
33554432, 0, 1048592, 0, 0, 8388608, 35736275386368, 140737488355328, 0, 4398046511106, 8, 68719476736
33554432, 0, 1048592, 0, 0, 8388608, 35736275386368, 140737488355328, 0, 4398046576640, 8, 68719476736
33554432, 0, 3145728, 0, 0, 8388608, 35736275386368, 140737488355328, 0, 4398046576640, 8, 68719476736
33554432, 0, 3145728, 0, 0, 8388608, 35736275386368, 140737488355328, 0, 4398046576640, 8, 268435456
33554432, 0, 1048640, 0, 0, 8388608, 35736275386368, 140737488355328, 0, 4398046576640, 8, 268435456
33554432, 0, 1048640, 0, 0, 8388608, 35736275386368, 140737488355328, 0, 4503599627436032, 8, 268435456
33554432, 0, 1052672, 0, 0, 8388608, 35736275386368, 140737488355328, 0, 4503599627436032, 8, 268435456
33554432, 0, 1052672, 0, 0, 8388608, 35736275386368, 140737488355328, 0, 4503599627436032, 8, 2097152
33554432, 0, 135266304, 0, 0, 8388608, 35736275386368, 140737488355328, 0, 4503599627436032, 8, 2097152
33554432, 0, 135266304, 0, 0, 8388608, 35736275386368, 140737488355328, 0, 4503599627436032, 8, 268435456
33554432, 0, 135266304, 0, 0, 16384, 35736275386368, 140737488355328, 0, 4503599627436032, 8, 268435456
33554432, 0, 135266304, 0, 0, 16384, 35736275386368, 140737488355328, 0, 4503599627371008, 8, 268435456
33554432, 0, 135266304, 0, 0, 32768, 35736275386368, 140737488355328, 0, 4503599627371008, 8, 268435456
33554432, 0, 1048576, 0, 0, 32768, 35736275386368, 140737488355328, 0, 4503599627371008, 8, 134217728
33554432, 0, 1048576, 0, 0, 8388608, 35736275386368, 140737488355328, 0, 4503599627371008, 8, 134217728
33554432, 0, 1048576, 0, 0, 8388608, 35736275386368, 140737488355328, 0, 4503599627894784, 8, 134217728
33554432, 0, 1048576, 0, 0, 32768, 35736275386368, 140737488355328, 0, 4503599627894784, 8, 134217728
33554432, 0, 1048576, 0, 0, 32768, 35736275386368, 140737488355328, 0, 4503599627894784, 8, 68719476736
33554432, 0, 137438953472, 0, 0, 32768, 35736275386368, 140737488355328, 0, 4503599627894784, 8, 68719476736
33554432, 0, 137438953472, 0, 0, 32768, 35736275386368, 140737488355328, 0, 4503599627894784, 8, 268435456
33554432, 0, 137438953472, 0, 0, 8388608, 35736275386368, 140737488355328, 0, 4503599627894784, 8, 268435456
33554432, 0, 137438953472, 0, 0, 8388608, 35736275386368, 140737488355328, 0, 4503599627894784, 8, 2097152
33554432, 0, 8796093022208, 0, 0, 8388608, 35736275386368, 140737488355328, 0, 4503599627894784, 8, 2097152
33554432, 0, 8796093022208, 0, 0, 8388608, 35736275386368, 140737488355328, 0, 4503599627894784, 8, 4096
33554432, 0, 8796093022208, 0, 0, 2147483648, 35734127902720, 140737488355328, 0, 4503599627894784, 8, 4096
33554432, 0, 8796093022208, 0, 0, 2147483648, 35734127902720, 140737488355328, 0, 4503599627894784, 2048, 4096
33554432, 0, 1152921504606846976, 0, 0, 2147483648, 35734127902720, 140737488355328, 0, 4503599627894784, 2048, 4096
33554432, 0, 1152921504606846976, 0, 0, 2147483648, 35734127902720, 140737488355328, 0, 4503599627894784, 2048, 2097152
33554432, 0, 1125899906842624, 0, 0, 2147483648, 35734127902720, 140737488355328, 0, 4503599627894784, 2048, 2097152
33554432, 0, 1125899906842624, 0, 0, 2147483648, 35734127902720, 140737488355328, 0, 4503599627894784, 262144, 2097152
33554432, 0, 72057594037927936, 0, 0, 2147483648, 35734127902720, 140737488355328, 0, 4503599627894784, 262144, 2097152
33554432, 0, 72057594037927936, 0, 0, 2147483648, 35734127902720, 140737488355328, 0, 4503599627894784, 67108864, 2097152
8589934592, 0, 72057594037927936, 0, 0, 2147483648, 35734127902720, 140737488355328, 0, 4503599627894784, 67108864, 2097152
8589934592, 0, 72057594037927936, 0, 0, 2147483648, 35734127902720, 140737488355328, 0, 4503599627894784, 67108864, 268435456
8589934592, 0, 1125899906842624, 0, 0, 2147483648, 35734127902720, 140737488355328, 0, 4503599627894784, 67108864, 268435456
8589934592, 0, 1125899906842624, 0, 0, 2147483648, 35734127902720, 140737488355328, 0, 4503599627894784, 68719476736, 268435456
8589934592, 0, 1152921504606846976, 0, 0, 2147483648, 35734127902720, 140737488355328, 0, 4503599627894784, 68719476736, 268435456
8589934592, 0, 1152921504606846976, 0, 0, 2147483648, 35734127902720, 140737488355328, 0, 1074266112, 68719476736, 268435456
8589934592, 0, 8796093022208, 0, 0, 2147483648, 35734127902720, 140737488355328, 0, 1074266112, 68719476736, 268435456
8589934592, 0, 8796093022208, 0, 0, 2147483648, 35734127902720, 140737488355328, 0, 1074266112, 68719476736, 34359738368
8589934592, 0, 562949953421312, 0, 0, 2147483648, 35734127902720, 140737488355328, 0, 1074266112, 68719476736, 34359738368
8589934592, 0, 562949953421312, 0, 0, 2147483648, 35734127902720, 140737488355328, 0, 1074266112, 1152921504606846976, 34359738368
8589934592, 0, 562949953421312, 0, 0, 4194304, 35734127902720, 140737488355328, 0, 1074266112, 1152921504606846976, 34359738368
8589934592, 0, 562949953421312, 0, 0, 4194304, 35734127902720, 140737488355328, 0, 528384, 1152921504606846976, 34359738368
8589934592, 0, 562949953421312, 0, 0, 2147483648, 35734127902720, 140737488355328, 0, 528384, 1152921504606846976, 34359738368
8589934592, 0, 562949953421312, 0, 0, 2147483648, 35734127902720, 140737488355328, 0, 528384, 268435456, 34359738368
8589934592, 0, 562949953421312, 0, 0, 8388608, 35734127902720, 140737488355328, 0, 528384, 268435456, 34359738368
8589934592, 0, 562949953421312, 0, 0, 8388608, 35734127902720, 140737488355328, 0, 528384, 1152921504606846976, 34359738368
8589934592, 0, 17179869184, 0, 0, 8388608, 35734127902720, 140737488355328, 0, 528384, 1152921504606846976, 34359738368
8589934592, 0, 17179869184, 0, 0, 8388608, 687194767360, 140737488355328, 0, 528384, 1152921504606846976, 34359738368
8589934592, 0, 16777216, 0, 0, 8388608, 687194767360, 140737488355328, 0, 528384, 1152921504606846976, 34359738368
8589934592, 0, 16777216, 0, 0, 8388608, 687194767360, 140737488355328, 0, 528384, 1152921504606846976, 8796093022208
8589934592, 0, 16777216, 0, 0, 4194304, 687194767360, 140737488355328, 0, 528384, 1152921504606846976, 8796093022208
8589934592, 0, 16777216, 0, 0, 4194304, 687194767360, 140737488355328, 0, 67112960, 1152921504606846976, 8796093022208
2199023255552, 0, 16777216, 0, 0, 4194304, 687194767360, 140737488355328, 0, 67112960, 1152921504606846976, 8796093022208
2199023255552, 0, 16777216, 0, 0, 4194304, 687194767360, 140737488355328, 0, 8589938688, 1152921504606846976, 8796093022208
2199023255552, 0, 262144, 0, 0, 4194304, 687194767360, 140737488355328, 0, 8589938688, 1152921504606846976, 8796093022208
2199023255552, 0, 262144, 0, 0, 4194304, 687194767360, 36028797018963968, 0, 8589938688, 1152921504606846976, 8796093022208
2199023255552, 0, 262144, 0, 0, 8192, 687194767360, 36028797018963968, 0, 8589938688, 1152921504606846976, 8796093022208
2199023255552, 0, 262144, 0, 0, 8192, 687194767360, 36028797018963968, 0, 8589938688, 274877906944, 8796093022208
2199023255552, 0, 256, 0, 0, 8192, 687194767360, 36028797018963968, 0, 8589938688, 274877906944, 8796093022208
2199023255552, 0, 256, 0, 0, 8192, 687194767360, 36028797018963968, 0, 8589938688, 64, 8796093022208
2199023255552, 0, 33554432, 0, 0, 8192, 687194767360, 36028797018963968, 0, 8589938688, 64, 8796093022208
2199023255552, 0, 33554432, 0, 0, 8192, 687194767360, 36028797018963968, 0, 8590458880, 64, 8796093022208
2199023255552, 0, 1099511627776, 0, 0, 8192, 687194767360, 36028797018963968, 0, 8590458880, 64, 8796093022208
2199023255552, 0, 1099511627776, 0, 0, 8192, 550292684800, 36028797018963968, 0, 8590458880, 64, 8796093022208
2199023255552, 0, 1099511627776, 0, 0, 2097152, 550292684800, 36028797018963968, 0, 8590458880, 64, 8796093022208
2199023255552, 0, 1099511627776, 0, 0, 2097152, 550292684800, 36028797018963968, 0, 8590458880, 64, 17592186044416
2199023255552, 0, 1099511627776, 0, 0, 536870912, 549755813888, 36028797018963968, 0, 8590458880, 64, 17592186044416
2199023255552, 0, 0, 0, 0, 536870912, 549755813888, 36028797018963968, 0, 1099512152064, 64, 17592186044416
2199023255552, 0, 0, 0, 0, 2097152, 549755813888, 36028797018963968, 0, 1099512152064, 64, 17592186044416
2199023255552, 0, 0, 0, 0, 2097152, 549755813888, 36028797018963968, 0, 1099512152064, 64, 35184372088832
2199023255552, 0, 0, 0, 0, 536870912, 549755813888, 36028797018963968, 0, 1099512152064, 64, 35184372088832
2199023255552, 0, 0, 0, 0, 536870912, 549755813888, 36028797018963968, 0, 1099512152064, 64, 17592186044416
562949953421312, 0, 0, 0, 0, 536870912, 549755813888, 36028797018963968, 0, 1099512152064, 64, 17592186044416
562949953421312, 0, 0, 0, 0, 536870912, 549755813888, 36028797018963968, 0, 1099512152064, 4194304, 17592186044416
562949953421312, 0, 0, 0, 0, 4194304, 549755813888, 36028797018963968, 0, 1099512152064, 0, 17592186044416
562949953421312, 0, 0, 0, 0, 4194304, 549755813888, 36028797018963968, 0, 1099511627808, 0, 17592186044416
562949953421312, 0, 0, 0, 0, 32768, 549755813888, 36028797018963968, 0, 1099511627808, 0, 17592186044416
562949953421312, 0, 0, 0, 0, 32768, 549755813888, 36028797018963968, 0, 8589934624, 0, 17592186044416
562949953421312, 0, 0, 0, 0, 64, 549755813888, 36028797018963968, 0, 8589934624, 0, 17592186044416
562949953421312, 0, 0, 0, 0, 64, 2147483648, 36028797018963968, 0, 8589934624, 0, 17592186044416
562949953421312, 0, 0, 0, 0, 128, 2147483648, 36028797018963968, 0, 8589934624, 0, 17592186044416
562949953421312, 0, 0, 0, 0, 128, 2147483648, 140737488355328, 0, 8589934624, 0, 17592186044416
562949953421312, 0, 0, 0, 0, 32768, 2147483648, 140737488355328, 0, 8589934624, 0, 17592186044416
562949953421312, 0, 0, 0, 0, 32768, 2147483648, 140737488355328, 0, 8589934624, 0, 2251799813685248
562949953421312, 0, 0, 0, 0, 64, 2147483648, 140737488355328, 0, 8589934624, 0, 2251799813685248
562949953421312, 0, 0, 0, 0, 64, 2147483648, 140737488355328, 0, 8589934624, 0, 1152921504606846976
144115188075855872, 0, 0, 0, 0, 64, 2147483648, 140737488355328, 0, 8589934624, 0, 1152921504606846976
144115188075855872, 0, 0, 0, 0, 64, 2147483648, 9223372036854775808, 0, 8589934624, 0, 1152921504606846976
144115188075855872, 0, 0, 0, 0, 32768, 2147483648, 9223372036854775808, 0, 8589934624, 0, 1152921504606846976
144115188075855872, 0, 0, 0, 0, 32768, 2147483648, 9223372036854775808, 0, 4128, 0, 1152921504606846976
144115188075855872, 0, 0, 0, 0, 128, 2147483648, 9223372036854775808, 0, 4128, 0, 1152921504606846976
144115188075855872, 0, 0, 0, 0, 128, 2147483648, 9223372036854775808, 0, 524320, 0, 1152921504606846976
144115188075855872, 0, 0, 0, 0, 64, 2147483648, 9223372036854775808, 0, 524320, 0, 1152921504606846976
144115188075855872, 0, 0, 0, 0, 64, 2147483648, 9223372036854775808, 0, 8796093022240, 0, 1152921504606846976
144115188075855872, 0, 0, 0, 0, 32, 2147483648, 9223372036854775808, 0, 8796093022208, 0, 1152921504606846976
144115188075855872, 0, 0, 0, 0, 32, 2147483648, 9223372036854775808, 0, 8796093022208, 0, 2251799813685248
144115188075855872, 0, 0, 0, 0, 64, 2147483648, 9223372036854775808, 0, 8796093022208, 0, 2251799813685248
144115188075855872, 0, 0, 0, 0, 64, 2147483648, 9223372036854775808, 0, 268435456, 0, 2251799813685248
144115188075855872, 0, 0, 0, 0, 32, 2147483648, 9223372036854775808, 0, 268435456, 0, 2251799813685248
144115188075855872, 0, 0, 0, 0, 32, 2147483648, 9223372036854775808, 0, 549755813888, 0, 2251799813685248
144115188075855872, 0, 0, 0, 0, 16384, 2147483648, 9223372036854775808, 0, 549755813888, 0, 2251799813685248
144115188075855872, 0, 0, 0, 0, 16384, 2147483648, 9223372036854775808, 0, 8, 0, 2251799813685248
144115188075855872, 0, 0, 0, 0, 64, 2147483648, 9223372036854775808, 0, 8, 0, 2251799813685248
144115188075855872, 0, 0, 0, 0, 64, 2147483648, 9223372036854775808, 0, 8, 0, 17592186044416
144115188075855872, 0, 0, 0, 0, 128, 2147483648, 9223372036854775808, 0, 8, 0, 17592186044416
144115188075855872, 0, 0, 0, 0, 128, 2147483648, 549755813888, 0, 8, 0, 17592186044416
144115188075855872, 0, 0, 0, 0, 16384, 2147483648, 549755813888, 0, 8, 0, 17592186044416
144115188075855872, 0, 0, 0, 0, 16384, 2147483648, 549755813888, 0, 8, 0, 2251799813685248
144115188075855872, 0, 0, 0, 0, 32, 2147483648, 549755813888, 0, 8, 0, 2251799813685248
144115188075855872, 0, 0, 0, 0, 32, 2147483648, 549755813888, 0, 8, 0, 8796093022208
144115188075855872, 0, 0, 0, 0, 16, 2147483648, 549755813888, 0, 8, 0, 8796093022208
144115188075855872, 0, 0, 0, 0, 16, 2147483648, 549755813888, 0, 131072, 0, 8796093022208
144115188075855872, 0, 0, 0, 0, 4096, 2147483648, 549755813888, 0, 131072, 0, 8796093022208
144115188075855872, 0, 0, 0, 0, 4096, 2147483648, 549755813888, 0, 35184372088832, 0, 8796093022208
144115188075855872, 0, 0, 0, 0, 16, 2147483648, 549755813888, 0, 35184372088832, 0, 8796093022208
144115188075855872, 0, 0, 0, 0, 16, 2147483648, 549755813888, 0, 2, 0, 8796093022208
144115188075855872, 0, 0, 0, 0, 8192, 2147483648, 549755813888, 0, 2, 0, 8796093022208
144115188075855872, 0, 0, 0, 0, 8192, 2147483648, 549755813888, 0, 274877906944, 0, 8796093022208
144115188075855872, 0, 0, 0, 0, 2097152, 2147483648, 549755813888, 0, 274877906944, 0, 8796093022208
144115188075855872, 0, 0, 0, 0, 2097152, 2147483648, 549755813888, 0, 2251799813685248, 0, 8796093022208
144115188075855872, 0, 0, 0, 0, 8192, 2147483648, 549755813888, 0, 2251799813685248, 0, 8796093022208
144115188075855872, 0, 0, 0, 0, 8192, 2147483648, 36028797018963968, 0, 2251799813685248, 0, 8796093022208
144115188075855872, 0, 0, 0, 0, 1048576, 2147483648, 36028797018963968, 0, 2251799813685248, 0, 8796093022208
144115188075855872, 0, 0, 0, 0, 1048576, 2147483648, 36028797018963968, 0, 2251799813685248, 0, 4398046511104
144115188075855872, 0, 0, 0, 0, 8192, 2147483648, 36028797018963968, 0, 2251799813685248, 0, 4398046511104
144115188075855872, 0, 0, 0, 0, 8192, 2147483648, 36028797018963968, 0, 8796093022208, 0, 4398046511104
144115188075855872, 0, 0, 0, 0, 32, 2147483648, 36028797018963968, 0, 8796093022208, 0, 4398046511104
144115188075855872, 0, 0, 0, 0, 32, 2147483648, 9223372036854775808, 0, 8796093022208, 0, 4398046511104
144115188075855872, 0, 0, 0, 0, 4096, 2147483648, 9223372036854775808, 0, 8796093022208, 0, 4398046511104
144115188075855872, 0, 0, 0, 0, 4096, 2147483648, 9223372036854775808, 0, 67108864, 0, 4398046511104
144115188075855872, 0, 0, 0, 0, 8192, 2147483648, 9223372036854775808, 0, 67108864, 0, 4398046511104
144115188075855872, 0, 0, 0, 0, 8192, 2147483648, 9223372036854775808, 0, 35184372088832, 0, 4398046511104
144115188075855872, 0, 0, 0, 0, 32, 2147483648, 9223372036854775808, 0, 35184372088832, 0, 4398046511104
144115188075855872, 0, 0, 0, 0, 32, 2147483648, 9223372036854775808, 0, 524288, 0, 4398046511104
144115188075855872, 0, 0, 0, 0, 64, 2147483648, 9223372036854775808, 0, 524288, 0, 4398046511104
144115188075855872, 0, 0, 0, 0, 64, 2147483648, 9223372036854775808, 0, 524288, 0, 8796093022208
144115188075855872, 0, 0, 0, 0, 32768, 2147483648, 9223372036854775808, 0, 524288, 0, 8796093022208
144115188075855872, 0, 0, 0, 0, 32768, 2147483648, 9223372036854775808, 0, 1099511627776, 0, 8796093022208
144115188075855872, 0, 0, 0, 0, 128, 2147483648, 9223372036854775808, 0, 1099511627776, 0, 8796093022208
144115188075855872, 0, 0, 0, 0, 128, 2147483648, 549755813888, 0, 1099511627776, 0, 8796093022208
144115188075855872, 0, 0, 0, 0, 32768, 2147483648, 549755813888, 0, 1099511627776, 0, 8796093022208
144115188075855872, 0, 0, 0, 0, 32768, 2147483648, 549755813888, 0, 1099511627776, 0, 1125899906842624
144115188075855872, 0, 0, 0, 0, 128, 2147483648, 549755813888, 0, 1099511627776, 0, 1125899906842624
144115188075855872, 0, 0, 0, 0, 128, 2147483648, 140737488355328, 0, 1099511627776, 0, 1125899906842624
144115188075855872, 0, 0, 0, 0, 64, 2147483648, 140737488355328, 0, 1099511627776, 0, 1125899906842624
144115188075855872, 0, 0, 0, 0, 64, 2147483648, 140737488355328, 0, 1099511627776, 0, 8796093022208
144115188075855872, 0, 0, 0, 0, 16384, 2147483648, 140737488355328, 0, 1099511627776, 0, 8796093022208
144115188075855872, 0, 0, 0, 0, 16384, 2147483648, 140737488355328, 0, 1099511627776, 0, 34359738368
144115188075855872, 0, 0, 0, 0, 8388608, 2147483648, 140737488355328, 0, 1099511627776, 0, 34359738368
144115188075855872, 0, 0, 0, 0, 8388608, 2147483648, 9223372036854775808, 0, 1099511627776, 0, 34359738368
144115188075855872, 0, 0, 0, 0, 16384, 2147483648, 9223372036854775808, 0, 1099511627776, 0, 34359738368
144115188075855872, 0, 0, 0, 0, 16384, 2147483648, 9223372036854775808, 0, 524288, 0, 34359738368
144115188075855872, 0, 0, 0, 0, 8192, 2147483648, 9223372036854775808, 0, 524288, 0, 34359738368
144115188075855872, 0, 0, 0, 0, 8192, 2147483648, 140737488355328, 0, 524288, 0, 34359738368
144115188075855872, 0, 0, 0, 0, 64, 2147483648, 140737488355328, 0, 524288, 0, 34359738368
144115188075855872, 0, 0, 0, 0, 64, 2147483648, 140737488355328, 0, 4096, 0, 34359738368
144115188075855872, 0, 0, 0, 0, 32768, 2147483648, 140737488355328, 0, 4096, 0, 34359738368
144115188075855872, 0, 0, 0, 0, 32768, 2147483648, 140737488355328, 0, 8, 0, 34359738368
144115188075855872, 0, 0, 0, 0, 8388608, 2147483648, 140737488355328, 0, 8, 0, 34359738368
144115188075855872, 0, 0, 0, 0, 8388608, 2147483648, 9223372036854775808, 0, 8, 0, 34359738368
144115188075855872, 0, 0, 0, 0, 16384, 2147483648, 9223372036854775808, 0, 8, 0, 34359738368
144115188075855872, 0, 0, 0, 0, 16384, 2147483648, 9223372036854775808, 0, 8, 0, 8796093022208
144115188075855872, 0, 0, 0, 0, 64, 2147483648, 9223372036854775808, 0, 8, 0, 8796093022208
144115188075855872, 0, 0, 0, 0, 64, 2147483648, 9223372036854775808, 0, 8, 0, 17592186044416
144115188075855872, 0, 0, 0, 0, 16384, 2147483648, 9223372036854775808, 0, 8, 0, 17592186044416
144115188075855872, 0, 0, 0, 0, 16384, 2147483648, 9223372036854775808, 0, 8, 0, 2251799813685248
144115188075855872, 0, 0, 0, 0, 32, 2147483648, 9223372036854775808, 0, 8, 0, 2251799813685248
144115188075855872, 0, 0, 0, 0, 32, 2147483648, 9223372036854775808, 0, 8, 0, 576460752303423488
144115188075855872, 0, 0, 0, 0, 16, 2147483648, 9223372036854775808, 0, 8, 0, 576460752303423488
144115188075855872, 0, 0, 0, 0, 16, 2147483648, 9223372036854775808, 0, 4096, 0, 576460752303423488
144115188075855872, 0, 0, 0, 0, 8192, 2147483648, 9223372036854775808, 0, 4096, 0, 576460752303423488
144115188075855872, 0, 0, 0, 0, 8192, 2147483648, 140737488355328, 0, 4096, 0, 576460752303423488
144115188075855872, 0, 0, 0, 0, 16384, 2147483648, 140737488355328, 0, 4096, 0, 576460752303423488
144115188075855872, 0, 0, 0, 0, 16384, 2147483648, 140737488355328, 0, 4096, 0, 4503599627370496
144115188075855872, 0, 0, 0, 0, 8388608, 2147483648, 140737488355328, 0, 4096, 0, 4503599627370496
144115188075855872, 0, 0, 0, 0, 8388608, 2147483648, 549755813888, 0, 4096, 0, 4503599627370496
144115188075855872, 0, 0, 0, 0, 32768, 2147483648, 549755813888, 0, 4096, 0, 4503599627370496
144115188075855872, 0, 0, 0, 0, 32768, 2147483648, 549755813888, 0, 4096, 0, 2251799813685248
144115188075855872, 0, 0, 0, 0, 128, 2147483648, 549755813888, 0, 4096, 0, 2251799813685248
144115188075855872, 0, 0, 0, 0, 128, 8388608, 549755813888, 0, 4096, 0, 2251799813685248
144115188075855872, 0, 0, 0, 0, 64, 8388608, 549755813888, 0, 4096, 0, 2251799813685248
144115188075855872, 0, 0, 0, 0, 64, 32768, 549755813888, 0, 4096, 0, 2251799813685248
144115188075855872, 0, 0, 0, 0, 16384, 32768, 549755813888, 0, 4096, 0, 2251799813685248
144115188075855872, 0, 0, 0, 0, 16384, 32768, 549755813888, 0, 1073741824, 0, 2251799813685248
144115188075855872, 0, 0, 0, 0, 4194304, 32768, 549755813888, 0, 1073741824, 0, 2251799813685248
144115188075855872, 0, 0, 0, 0, 4194304, 32768, 36028797018963968, 0, 1073741824, 0, 2251799813685248
144115188075855872, 0, 0, 0, 0, 536870912, 32768, 36028797018963968, 0, 1073741824, 0, 2251799813685248
144115188075855872, 0, 0, 0, 0, 536870912, 32768, 36028797018963968, 0, 1073741824, 0, 1125899906842624
144115188075855872, 0, 0, 0, 0, 1073741824, 32768, 36028797018963968, 0, 0, 0, 1125899906842624
144115188075855872, 0, 0, 0, 0, 1073741824, 128, 36028797018963968, 0, 0, 0, 1125899906842624
144115188075855872, 0, 0, 0, 0, 2097152, 128, 36028797018963968, 0, 0, 0, 1125899906842624
144115188075855872, 0, 0, 0, 0, 2097152, 128, 36028797018963968, 0, 0, 0, 576460752303423488
144115188075855872, 0, 0, 0, 0, 1048576, 128, 36028797018963968, 0, 0, 0, 576460752303423488
144115188075855872, 0, 0, 0, 0, 1048576, 128, 36028797018963968, 0, 0, 0, 4503599627370496
144115188075855872, 0, 0, 0, 0, 8192, 128, 36028797018963968, 0, 0, 0, 4503599627370496
144115188075855872, 0, 0, 0, 0, 8192, 128, 8388608, 0, 0, 0, 4503599627370496
144115188075855872, 0, 0, 0, 0, 64, 128, 8388608, 0, 0, 0, 4503599627370496
144115188075855872, 0, 0, 0, 0, 64, 128, 8388608, 0, 0, 0, 2251799813685248
144115188075855872, 0, 0, 0, 0, 32, 128, 8388608, 0, 0, 0, 2251799813685248
144115188075855872, 0, 0, 0, 0, 32, 128, 8388608, 0, 0, 0, 4398046511104
144115188075855872, 0, 0, 0, 0, 4096, 128, 8388608, 0, 0, 0, 4398046511104
144115188075855872, 0, 0, 0, 0, 4096, 128, 2147483648, 0, 0, 0, 4398046511104
144115188075855872, 0, 0, 0, 0, 8, 128, 2147483648, 0, 0, 0, 4398046511104
144115188075855872, 0, 0, 0, 0, 8, 128, 549755813888, 0, 0, 0, 4398046511104
144115188075855872, 0, 0, 0, 0, 4, 128, 549755813888, 0, 0, 0, 4398046511104
144115188075855872, 0, 0, 0, 0, 4, 128, 9223372036854775808, 0, 0, 0, 4398046511104
144115188075855872, 0, 0, 0, 0, 2048, 128, 9223372036854775808, 0, 0, 0, 4398046511104
144115188075855872, 0, 0, 0, 0, 2048, 128, 140737488355328, 0, 0, 0, 4398046511104
144115188075855872, 0, 0, 0, 0, 4, 128, 140737488355328, 0, 0, 0, 4398046511104
144115188075855872, 0, 0, 0, 0, 4, 128, 36028797018963968, 0, 0, 0, 4398046511104
144115188075855872, 0, 0, 0, 0, 2048, 128, 36028797018963968, 0, 0, 0, 4398046511104
144115188075855872, 0, 0, 0, 0, 2048, 128, 36028797018963968, 0, 0, 0, 8589934592
144115188075855872, 0, 0, 0, 0, 4, 128, 36028797018963968, 0, 0, 0, 8589934592
144115188075855872, 0, 0, 0, 0, 4, 128, 9223372036854775808, 0, 0, 0, 8589934592
144115188075855872, 0, 0, 0, 0, 2, 128, 9223372036854775808, 0, 0, 0, 8589934592
144115188075855872, 0, 0, 0, 0, 2, 128, 140737488355328, 0, 0, 0, 8589934592
144115188075855872, 0, 0, 0, 0, 512, 128, 140737488355328, 0, 0, 0, 8589934592
144115188075855872, 0, 0, 0, 0, 512, 128, 9223372036854775808, 0, 0, 0, 8589934592
144115188075855872, 0, 0, 0, 0, 256, 128, 9223372036854775808, 0, 0, 0, 8589934592
144115188075855872, 0, 0, 0, 0, 256, 128, 9223372036854775808, 0, 0, 0, 4294967296
144115188075855872, 0, 0, 0, 0, 2, 128, 9223372036854775808, 0, 0, 0, 4294967296
144115188075855872, 0, 0, 0, 0, 2, 128, 36028797018963968, 0, 0, 0, 4294967296
144115188075855872, 0, 0, 0, 0, 256, 128, 36028797018963968, 0, 0, 0, 4294967296
144115188075855872, 0, 0, 0, 0, 256, 128, 549755813888, 0, 0, 0, 4294967296
144115188075855872, 0, 0, 0, 0, 1, 128, 549755813888, 0, 0, 0, 4294967296
144115188075855872, 0, 0, 0, 0, 1, 128, 549755813888, 0, 0, 0, 2199023255552
144115188075855872, 0, 0, 0, 0, 256, 128, 549755813888, 0, 0, 0, 2199023255552
144115188075855872, 0, 0, 0, 0, 256, 128, 549755813888, 0, 0, 0, 1125899906842624
144115188075855872, 0, 0, 0, 0, 65536, 128, 549755813888, 0, 0, 0, 1125899906842624
144115188075855872, 0, 0, 0, 0, 65536, 128, 549755813888, 0, 0, 0, 288230376151711744
144115188075855872, 0, 0, 0, 0, 256, 128, 549755813888, 0, 0, 0, 288230376151711744
144115188075855872, 0, 0, 0, 0, 256, 128, 549755813888, 0, 0, 0, 576460752303423488
144115188075855872, 0, 0, 0, 0, 512, 128, 549755813888, 0, 0, 0, 576460752303423488
144115188075855872, 0, 0, 0, 0, 512, 128, 549755813888, 0, 0, 0, 4503599627370496
144115188075855872, 0, 0, 0, 0, 131072, 128, 549755813888, 0, 0, 0, 4503599627370496
144115188075855872, 0, 0, 0, 0, 131072, 128, 549755813888, 0, 0, 0, 35184372088832
144115188075855872, 0, 0, 0, 0, 512, 128, 549755813888, 0, 0, 0, 35184372088832
144115188075855872, 0, 0, 0, 0, 512, 128, 140737488355328, 0, 0, 0, 35184372088832
144115188075855872, 0, 0, 0, 0, 1024, 128, 140737488355328, 0, 0, 0, 35184372088832
144115188075855872, 0, 0, 0, 0, 1024, 128, 140737488355328, 0, 0, 0, 68719476736
144115188075855872, 0, 0, 0, 0, 2048, 128, 140737488355328, 0, 0, 0, 68719476736
144115188075855872, 0, 0, 0, 0, 2048, 128, 140737488355328, 0, 0, 0, 134217728
144115188075855872, 0, 0, 0, 0, 4, 128, 140737488355328, 0, 0, 0, 134217728
144115188075855872, 0, 0, 0, 0, 4, 128, 2147483648, 0, 0, 0, 134217728
144115188075855872, 0, 0, 0, 0, 2, 128, 2147483648, 0, 0, 0, 134217728
144115188075855872, 0, 0, 0, 0, 2, 128, 8388608, 0, 0, 0, 134217728
144115188075855872, 0, 0, 0, 0, 512, 128, 8388608, 0, 0, 0, 134217728
144115188075855872, 0, 0, 0, 0, 512, 128, 8388608, 0, 0, 0, 34359738368
144115188075855872, 0, 0, 0, 0, 1024, 128, 8388608, 0, 0, 0, 34359738368
144115188075855872, 0, 0, 0, 0, 1024, 128, 549755813888, 0, 0, 0, 34359738368
144115188075855872, 0, 0, 0, 0, 2048, 128, 549755813888, 0, 0, 0, 34359738368
144115188075855872, 0, 0, 0, 0, 2048, 128, 9223372036854775808, 0, 0, 0, 34359738368
144115188075855872, 0, 0, 0, 0, 1048576, 128, 9223372036854775808, 0, 0, 0, 34359738368
144115188075855872, 0, 0, 0, 0, 1048576, 128, 9223372036854775808, 0, 0, 0, 17179869184
144115188075855872, 0, 0, 0, 0, 4096, 128, 9223372036854775808, 0, 0, 0, 17179869184
144115188075855872, 0, 0, 0, 0, 4096, 128, 8388608, 0, 0, 0, 17179869184
144115188075855872, 0, 0, 0, 0, 32, 128, 8388608, 0, 0, 0, 17179869184
144115188075855872, 0, 0, 0, 0, 32, 128, 8388608, 0, 0, 0, 34359738368
144115188075855872, 0, 0, 0, 0, 16384, 128, 8388608, 0, 0, 0, 34359738368
144115188075855872, 0, 0, 0, 0, 16384, 128, 8388608, 0, 0, 0, 17179869184
144115188075855872, 0, 0, 0, 0, 8192, 128, 8388608, 0, 0, 0, 17179869184
144115188075855872, 0, 0, 0, 0, 8192, 128, 140737488355328, 0, 0, 0, 17179869184
144115188075855872, 0, 0, 0, 0, 32, 128, 140737488355328, 0, 0, 0, 17179869184
144115188075855872, 0, 0, 0, 0, 32, 128, 140737488355328, 0, 0, 0, 2199023255552
144115188075855872, 0, 0, 0, 0, 8192, 128, 140737488355328, 0, 0, 0, 2199023255552
144115188075855872, 0, 0, 0, 0, 8192, 128, 36028797018963968, 0, 0, 0, 2199023255552
144115188075855872, 0, 0, 0, 0, 1048576, 128, 36028797018963968, 0, 0, 0, 2199023255552
144115188075855872, 0, 0, 0, 0, 1048576, 128, 36028797018963968, 0, 0, 0, 1125899906842624
144115188075855872, 0, 0, 0, 0, 2048, 128, 36028797018963968, 0, 0, 0, 1125899906842624
144115188075855872, 0, 0, 0, 0, 2048, 128, 140737488355328, 0, 0, 0, 1125899906842624
144115188075855872, 0, 0, 0, 0, 524288, 128, 140737488355328, 0, 0, 0, 1125899906842624
144115188075855872, 0, 0, 0, 0, 524288, 128, 140737488355328, 0, 0, 0, 2251799813685248
144115188075855872, 0, 0, 0, 0, 1048576, 128, 140737488355328, 0, 0, 0, 2251799813685248
144115188075855872, 0, 0, 0, 0, 1048576, 128, 140737488355328, 0, 0, 0, 4398046511104
144115188075855872, 0, 0, 0, 0, 536870912, 128, 140737488355328, 0, 0, 0, 4398046511104
144115188075855872, 0, 0, 0, 0, 536870912, 128, 549755813888, 0, 0, 0, 4398046511104
144115188075855872, 0, 0, 0, 0, 1073741824, 128, 549755813888, 0, 0, 0, 4398046511104
144115188075855872, 0, 0, 0, 0, 1073741824, 128, 549755813888, 0, 0, 0, 17179869184
144115188075855872, 0, 0, 0, 0, 2097152, 128, 549755813888, 0, 0, 0, 17179869184
144115188075855872, 0, 0, 0, 0, 2097152, 128, 549755813888, 0, 0, 0, 8589934592
144115188075855872, 0, 0, 0, 0, 8192, 128, 549755813888, 0, 0, 0, 8589934592
144115188075855872, 0, 0, 0, 0, 8192, 128, 36028797018963968, 0, 0, 0, 8589934592
144115188075855872, 0, 0, 0, 0, 64, 128, 36028797018963968, 0, 0, 0, 8589934592
144115188075855872, 0, 0, 0, 0, 64, 128, 549755813888, 0, 0, 0, 8589934592
144115188075855872, 0, 0, 0, 0, 32, 128, 549755813888, 0, 0, 0, 8589934592
144115188075855872, 0, 0, 0, 0, 32, 128, 140737488355328, 0, 0, 0, 8589934592
144115188075855872, 0, 0, 0, 0, 16, 128, 140737488355328, 0, 0, 0, 8589934592
144115188075855872, 0, 0, 0, 0, 16, 128, 140737488355328, 0, 0, 0, 16777216
144115188075855872, 0, 0, 0, 0, 8192, 128, 140737488355328, 0, 0, 0, 16777216
144115188075855872, 0, 0, 0, 0, 8192, 128, 8388608, 0, 0, 0, 16777216
144115188075855872, 0, 0, 0, 0, 16384, 128, 8388608, 0, 0, 0, 16777216
144115188075855872, 0, 0, 0, 0, 16384, 128, 36028797018963968, 0, 0, 0, 16777216
144115188075855872, 0, 0, 0, 0, 2097152, 128, 36028797018963968, 0, 0, 0, 16777216
144115188075855872, 0, 0, 0, 0, 2097152, 128, 36028797018963968, 0, 0, 0, 65536
144115188075855872, 0, 0, 0, 0, 16384, 128, 36028797018963968, 0, 0, 0, 65536
144115188075855872, 0, 0, 0, 0, 16384, 128, 32768, 0, 0, 0, 65536
144115188075855872, 0, 0, 0, 0, 2097152, 128, 32768, 0, 0, 0, 65536
144115188075855872, 0, 0, 0, 0, 2097152, 128, 549755813888, 0, 0, 0, 65536
144115188075855872, 0, 0, 0, 0, 4194304, 128, 549755813888, 0, 0, 0, 65536
144115188075855872, 0, 0, 0, 0, 4194304, 128, 549755813888, 0, 0, 0, 16777216
144115188075855872, 0, 0, 0, 0, 8192, 128, 549755813888, 0, 0, 0, 16777216
144115188075855872, 0, 0, 0, 0, 8192, 128, 549755813888, 0, 0, 0, 4294967296
144115188075855872, 0, 0, 0, 0, 32, 128, 549755813888, 0, 0, 0, 4294967296
144115188075855872, 0, 0, 0, 0, 32, 128, 9223372036854775808, 0, 0, 0, 4294967296
144115188075855872, 0, 0, 0, 0, 4096, 128, 9223372036854775808, 0, 0, 0, 4294967296
144115188075855872, 0, 0, 0, 0, 4096, 128, 9223372036854775808, 0, 0, 0, 33554432
144115188075855872, 0, 0, 0, 0, 8, 128, 9223372036854775808, 0, 0, 0, 33554432
144115188075855872, 0, 0, 0, 0, 8, 128, 9223372036854775808, 0, 0, 0, 4294967296
144115188075855872, 0, 0, 0, 0, 1024, 128, 9223372036854775808, 0, 0, 0, 4294967296
144115188075855872, 0, 0, 0, 0, 1024, 128, 549755813888, 0, 0, 0, 4294967296
144115188075855872, 0, 0, 0, 0, 512, 128, 549755813888, 0, 0, 0, 4294967296
144115188075855872, 0, 0, 0, 0, 512, 128, 549755813888, 0, 0, 0, 33554432
144115188075855872, 0, 0, 0, 0, 2, 128, 549755813888, 0, 0, 0, 33554432
144115188075855872, 0, 0, 0, 0, 2, 128, 549755813888, 0, 0, 0, 67108864
144115188075855872, 0, 0, 0, 0, 4, 128, 549755813888, 0, 0, 0, 67108864
144115188075855872, 0, 0, 0, 0, 4, 128, 9223372036854775808, 0, 0, 0, 67108864
144115188075855872, 0, 0, 0, 0, 2048, 128, 9223372036854775808, 0, 0, 0, 67108864
144115188075855872, 0, 0, 0, 0, 2048, 128, 549755813888, 0, 0, 0, 67108864
144115188075855872, 0, 0, 0, 0, 8, 128, 549755813888, 0, 0, 0, 67108864
